-230.8 86.8
-234.2 83.0
-235.6 80.2
-235.6 20.8
-233.6 16.6
-230.8 13.8
-227.4 11.6
-223.8 11.4
-56.2 11.4
-52.2 11.4
-48.6 11.8
-45.8 16.6
-43.0 22.4
-39.8 26.6
-36.6 31.0
-28.2 38.8
-23.8 42.4
-18.4 46.0
-12.8 49.6
-12.8 79.6
-14.2 82.6
-17.8 86.0
-22.4 86.8

9.2 49.6
11.0 79.2
14.2 84.0
16.8 86.2
20.8 86.6
228.6 86.6
232.6 83.8
235.4 80.0
235.2 20.8
233.8 18.2
230.4 14.8
227.0 12.8
223.0 12.2
53.0 12.2
48.0 13.6
46.2 16.4
42.4 22.4
39.2 26.8
36.2 30.4
32.8 33.8
30.2 36.6
24.6 40.4
19.4 43.4
13.4 46.0
11.2 47.2

50.0 -12.4
226.6 -12.4
229.2 -13.2
232.2 -16.0
234.6 -19.0
235.2 -21.8
235.2 -78.8
233.6 -82.8
230.0 -85.2
225.6 -86.6
19.0 -86.6
16.0 -84.8
13.4 -81.4
12.0 -77.2
12.0 -48.4
14.4 -46.2
20.6 -43.2
25.2 -40.4
29.0 -36.8
33.4 -31.8
36.0 -27.6
41.8 -20.4
44.2 -15.8
46.2 -14.2

-233.4 -84.6
-231.0 -86.8
-19.8 -86.6
-16.4 -84.8
-14.4 -81.2
-12.6 -77.2
-10.8 -52.0
-10.8 -50.2
-10.8 -48.8
-22.2 -42.6
-29.6 -37.6
-35.4 -32.4
-44.6 -22.8
-47.8 -14.0
-49.0 -13.0
-230.4 -11.4
-235.4 -16.5
-235.7 -20.3
-235.7 -79.0
-234.9 -81.4

-67.8 210.6
-65.8 211.6
-64.0 213.8
-63.2 216.4
-63.0 279.0
-63.0 281.0
-65.6 284.0
-69.4 285.8
-227.0 285.4
-231.2 285.2
-233.8 283.4
-236.2 279.0
-236.2 218.0
-233.8 213.0
-231.0 210.2

-233.20000000000007 381.7733333333333
-235.60000000000005 377.37333333333345
-235.60000000000005 316.3733333333333
-233.20000000000007 311.3733333333333
-230.39999999999995 308.5733333333332
-67.19999999999995 308.9733333333333
-65.19999999999995 309.9733333333333
-63.39999999999996 312.17333333333335
-62.59999999999998 314.77333333333326
-62.39999999999996 377.37333333333345
-62.39999999999996 379.37333333333345
-64.99999999999996 382.37333333333345
-68.79999999999997 384.1733333333334
-226.4 383.7733333333333
-230.6 383.57333333333327

64.39999999999993 382.1733333333333
61.99999999999996 377.7733333333334
61.99999999999996 316.77333333333326
64.39999999999993 311.77333333333326
67.20000000000006 308.9733333333332
230.40000000000003 309.3733333333333
232.40000000000003 310.3733333333333
234.20000000000005 312.5733333333333
235.0 315.17333333333323
235.20000000000005 377.7733333333334
235.20000000000005 379.7733333333334
232.60000000000002 382.7733333333334
228.8 384.5733333333334
71.2 384.1733333333333
67.00000000000001 383.97333333333324

64.39999999999993 282.9733333333333
61.99999999999996 278.57333333333344
61.99999999999996 217.57333333333324
64.39999999999993 212.57333333333324
67.20000000000006 209.77333333333317
230.40000000000003 210.17333333333326
232.40000000000003 211.17333333333326
234.20000000000005 213.3733333333333
235.0 215.97333333333322
235.20000000000005 278.57333333333344
235.20000000000005 280.57333333333344
232.60000000000002 283.57333333333344
228.8 285.3733333333334
71.2 284.9733333333333
67.00000000000001 284.77333333333326

-362.4 164.0
-366.2 161.4
-429.4 161.4
-432.2 162.8
-434.2 165.0
-435.2 167.6
-435.6 379.2
-434.0 382.0
-431.0 384.0
-429.0 384.8
-364.2 384.6
-362.4 383.8
-360.0 381.6
-359.2 378.2
-359.0 316.2
-359.0 281.8
-359.0 169.4
-360.0 166.6
-360.8 165.4

-362.4 -85.3157894736844
-366.2 -87.9157894736844
-429.4 -87.9157894736844
-432.2 -86.51578947368439
-434.2 -84.3157894736844
-435.2 -81.71578947368441
-435.6 129.88421052631605
-434.0 132.684210526316
-431.0 134.684210526316
-429.0 135.48421052631602
-364.2 135.28421052631597
-362.4 134.48421052631608
-360.0 132.28421052631603
-359.2 128.88421052631605
-359.0 66.88421052631578
-359.0 32.484210526315536
-359.0 -79.9157894736844
-360.0 -82.71578947368441
-360.8 -83.9157894736844

-461.9999999999999 -85.3157894736844
-465.7999999999999 -87.9157894736844
-528.9999999999998 -87.9157894736844
-531.8 -86.51578947368439
-533.8 -84.3157894736844
-534.8 -81.71578947368441
-535.2 129.88421052631605
-533.5999999999999 132.684210526316
-530.5999999999999 134.684210526316
-528.5999999999999 135.48421052631602
-463.7999999999999 135.28421052631597
-461.9999999999999 134.48421052631608
-459.5999999999999 132.28421052631603
-458.7999999999999 128.88421052631605
-458.5999999999999 66.88421052631578
-458.5999999999999 32.484210526315536
-458.5999999999999 -79.9157894736844
-459.5999999999999 -82.71578947368441
-460.3999999999999 -83.9157894736844

-461.9999999999999 163.8842105263156
-465.7999999999999 161.28421052631563
-528.9999999999998 161.28421052631563
-531.8 162.6842105263156
-533.8 164.8842105263156
-534.8 167.48421052631562
-535.2 379.0842105263158
-533.5999999999999 381.8842105263159
-530.5999999999999 383.8842105263159
-528.5999999999999 384.68421052631584
-463.7999999999999 384.4842105263158
-461.9999999999999 383.68421052631595
-459.5999999999999 381.4842105263159
-458.7999999999999 378.0842105263158
-458.5999999999999 316.0842105263157
-458.5999999999999 281.6842105263155
-458.5999999999999 169.28421052631563
-459.5999999999999 166.48421052631562
-460.3999999999999 165.28421052631563

-558.8 18.0
-563.8 12.4
-626.8 11.6
-632.2 15.0
-635.2 19.6
-634.2 24.4
-634.2 278.0
-632.4 281.0
-629.4 284.0
-625.4 286.2
-563.8 286.2
-559.8 282.8
-558.8 280.2
-558.4 166.8
-558.0 131.6

632.8800000000005 17.88000000000008
627.8800000000003 12.280000000000115
564.8799999999999 11.480000000000103
559.4800000000001 14.88000000000008
556.4799999999998 19.480000000000103
557.4799999999998 24.280000000000115
557.4799999999998 277.8799999999998
559.2800000000003 280.8799999999998
562.2800000000001 283.8799999999998
566.28 286.07999999999987
627.8800000000003 286.07999999999987
631.8800000000002 282.6799999999999
632.8800000000005 280.07999999999987
633.2800000000005 166.6800000000002
633.6800000000002 131.48000000000022

-132.0 186.8
-66.8 186.8
-32.4 187.6
32.0 187.2
65.2 187.2
130.0 187.2
134.4 184.4
136.4 181.2
136.8 117.2
135.2 114.4
130.8 110.8
17.2 110.4
-17.6 110.4
-132.0 110.8
-134.8 112.8
-137.6 116.0
-137.6 117.6
-138.0 180.4
-135.2 184.0

-429.2 -110.0
-432.8 -113.2
-435.6 -116.4
-436.0 -178.8
-434.8 -182.8
-431.6 -186.4
-427.6 -187.6
-170.0 -186.8
-164.8 -184.8
-161.2 -180.0
-161.2 -177.2
-161.2 -117.6
-164.4 -113.2
-167.2 -110.4
-236.4 -110.4
-246.4 -105.6
-253.6 -98.0
-257.6 -90.0
-259.2 -83.6
-260.0 -16.4
-262.8 -13.6
-266.4 -12.0
-330.4 -12.0
-334.0 -13.6
-336.4 -16.4
-336.8 -18.0
-337.6 -86.4
-340.4 -95.2
-346.0 -102.4
-355.6 -107.2
-371.2 -109.2

-336.4 316.8
-331.6 310.0
-329.6 308.4
-267.2 308.4
-263.6 311.6
-259.6 316.0
-259.2 386.4
-254.0 396.4
-248.4 402.4
-240.4 406.8
-232.0 407.2
-166.4 407.2
-162.4 410.0
-159.6 415.2
-159.6 476.4
-163.2 480.8
-170.4 484.4
-427.2 484.8
-432.0 481.6
-435.2 475.6
-436.0 468.4
-435.2 415.2
-433.6 412.8
-430.8 409.6
-364.0 406.4
-355.2 404.0
-348.0 399.2
-342.4 394.0
-338.4 387.2
-338.0 380.0

-330.0 286.4
-334.0 282.8
-336.8 279.6
-337.2 165.6
-336.8 131.6
-336.4 18.4
-334.8 15.2
-330.8 12.0
-266.4 11.6
-263.2 14.4
-259.2 17.6
-259.2 88.8
-254.4 96.0
-248.4 102.4
-242.0 106.4
-234.8 108.0
-167.2 110.4
-163.2 112.4
-160.4 115.2
-159.6 117.6
-160.8 180.8
-163.2 184.0
-166.8 187.2
-241.6 189.2
-248.8 193.6
-254.0 199.6
-258.0 208.4
-259.2 214.8
-260.0 280.8
-263.6 284.4
-266.4 286.0

-32.8 385.6
30.4 384.8
33.2 383.2
36.4 380.0
36.8 316.8
35.2 313.6
31.2 310.0
26.4 308.8
-32.0 308.8
-36.4 312.0
-39.2 317.6
-38.8 378.0
-36.0 383.6

-32.7076923076923 285.9692307692309
30.492307692307694 285.1692307692309
33.29230769230769 283.5692307692309
36.49230769230769 280.36923076923085
36.89230769230769 217.16923076923067
35.292307692307695 213.96923076923068
31.292307692307705 210.36923076923065
26.492307692307712 209.16923076923067
-31.907692307692304 209.16923076923067
-36.307692307692314 212.36923076923065
-39.10769230769232 217.96923076923068
-38.70769230769231 278.36923076923085
-35.907692307692315 283.9692307692309

364.89230769230784 190.3692307692309
428.09230769230777 189.56923076923096
430.8923076923077 187.96923076923093
434.09230769230777 184.76923076923086
434.49230769230775 121.56923076923064
432.8923076923077 118.36923076923065
428.8923076923077 114.76923076923063
424.09230769230777 113.56923076923064
365.69230769230785 113.56923076923064
361.2923076923078 116.76923076923063
358.4923076923078 122.36923076923065
358.89230769230784 182.76923076923083
361.6923076923078 188.3692307692309

463.6923076923077 190.3692307692309
526.8923076923079 189.56923076923096
529.6923076923076 187.96923076923093
532.8923076923077 184.76923076923086
533.2923076923078 121.56923076923064
531.6923076923078 118.36923076923065
527.6923076923078 114.76923076923063
522.8923076923079 113.56923076923064
464.4923076923077 113.56923076923064
460.09230769230766 116.76923076923063
457.29230769230765 122.36923076923065
457.6923076923077 182.76923076923083
460.49230769230763 188.3692307692309

364.0 86.8
428.8 87.2
464.0 87.2
527.6 87.6
530.8 85.6
533.2 82.4
533.2 18.0
533.2 -16.8
533.6 -79.6
532.8 -82.8
527.6 -86.8
520.0 -87.2
462.4 -87.6
427.6 -88.0
363.2 -88.0
359.6 -82.4
358.8 -78.0
358.4 -16.0
358.4 18.4
358.8 81.6
360.4 85.2

259.1866666666666 316.29333333333335
263.9866666666666 309.49333333333334
265.9866666666666 307.8933333333333
328.3866666666669 307.8933333333333
331.9866666666668 311.09333333333336
335.9866666666668 315.49333333333334
336.3866666666669 385.8933333333333
341.5866666666668 395.8933333333333
347.18666666666684 401.8933333333333
355.1866666666667 406.29333333333335
363.5866666666668 406.6933333333333
429.1866666666667 406.6933333333333
433.1866666666667 409.49333333333334
435.9866666666667 414.6933333333333
435.9866666666667 475.8933333333333
432.38666666666677 480.2933333333332
425.1866666666667 483.89333333333315
168.3866666666666 484.29333333333324
163.58666666666676 481.09333333333313
160.3866666666667 475.09333333333336
159.58666666666676 467.8933333333333
160.3866666666667 414.6933333333333
161.98666666666674 412.29333333333335
164.78666666666663 409.09333333333336
231.58666666666662 405.8933333333333
240.3866666666666 403.49333333333334
247.58666666666664 398.6933333333333
253.18666666666667 393.49333333333334
257.1866666666666 386.6933333333333
257.5866666666666 379.49333333333334

167.07096774193545 -110.0387096774194
163.47096774193537 -113.2387096774194
160.67096774193547 -116.43870967741938
160.2709677419355 -178.83870967741933
161.47096774193537 -182.83870967741933
164.67096774193547 -186.4387096774194
168.6709677419354 -187.6387096774194
426.2709677419358 -186.8387096774194
431.4709677419355 -184.8387096774194
435.07096774193565 -180.03870967741926
435.07096774193565 -177.2387096774193
435.07096774193565 -117.63870967741937
431.8709677419356 -113.2387096774194
429.07096774193576 -110.43870967741938
359.8709677419355 -110.43870967741938
349.8709677419356 -105.63870967741936
342.67096774193556 -98.03870967741938
338.67096774193544 -90.03870967741935
337.07096774193553 -83.63870967741937
336.27096774193546 -16.43870967741934
333.4709677419355 -13.6387096774193
329.8709677419355 -12.038709677419305
265.8709677419355 -12.038709677419305
262.2709677419355 -13.6387096774193
259.87096774193554 -16.43870967741934
259.47096774193534 -18.038709677419334
258.6709677419354 -86.43870967741938
255.87096774193546 -95.23870967741937
250.2709677419355 -102.43870967741935
240.6709677419354 -107.23870967741937
225.0709677419354 -109.2387096774194

265.6 286.0
328.8 286.0
332.4 282.8
335.2 280.4
335.6 220.8
336.4 184.4
336.8 119.2
336.8 83.6
336.0 19.6
332.8 15.2
329.6 12.4
265.2 11.2
261.6 13.6
259.2 18.0
256.8 90.4
252.4 98.0
245.2 104.0
237.6 108.4
166.0 110.0
162.8 111.6
160.0 115.2
158.8 118.0
159.2 180.4
161.6 184.4
165.6 188.0
236.4 188.4
244.4 191.2
249.6 194.8
255.2 202.0
257.2 214.4
257.6 279.2
260.4 283.2
262.8 284.4

358.0 221.2
360.8 217.2
364.4 215.2
428.4 215.2
432.0 218.4
435.2 221.6
435.2 379.6
432.4 382.8
428.8 384.8
365.6 385.2
358.8 381.2
356.8 377.6
357.6 314.8
357.6 281.2

457.5714285714284 220.6857142857142
460.3714285714284 216.6857142857142
463.97142857142836 214.6857142857142
527.9714285714288 214.6857142857142
531.5714285714289 217.88571428571422
534.7714285714287 221.0857142857142
534.7714285714287 379.08571428571423
531.9714285714288 382.2857142857142
528.3714285714289 384.2857142857142
465.1714285714284 384.6857142857142
458.3714285714284 380.6857142857142
456.3714285714284 377.08571428571423
457.1714285714284 314.2857142857142
457.1714285714284 280.6857142857142

-166.8 507.6
-154.4 502.4
-148.4 498.0
-142.8 492.8
-140.4 484.4
-139.6 417.2
-137.2 412.4
-132.8 408.4
-67.2 407.6
-32.8 407.2
32.0 407.2
66.4 407.2
131.6 407.2
135.2 410.4
138.4 415.2
138.4 484.4
142.0 490.4
148.0 498.4
152.4 502.8
159.2 504.8
166.4 506.0
434.4 506.0
440.4 502.8
448.4 496.8
454.4 490.0
455.6 483.2
456.8 416.4
458.4 411.6
462.0 408.4
530.0 406.4
540.8 403.6
547.6 399.2
552.4 392.8
555.6 386.0
555.6 317.2
558.8 311.2
562.8 309.2
634.0 308.0
640.4 304.4
647.2 298.0
651.6 291.2
655.2 281.2
655.2 275.6
655.2 149.6
654.8 13.6
652.0 4.8
648.0 -1.6
641.6 -6.0
631.6 -9.2
620.4 -9.6
563.6 -10.4
560.0 -12.4
556.8 -16.4
554.4 -88.0
550.4 -98.0
544.4 -101.6
536.0 -106.8
525.2 -108.4
464.4 -110.0
460.0 -111.2
458.0 -114.4
456.8 -117.2
456.8 -184.0
451.6 -195.6
446.4 -201.6
438.0 -206.4
421.6 -208.8
157.2 -208.8
152.4 -206.8
144.4 -200.0
140.4 -191.2
138.0 -181.2
138.0 -116.8
134.0 -113.2
130.4 -111.2
-132.8 -110.4
-136.4 -112.4
-138.4 -116.0
-139.2 -188.0
-145.6 -199.6
-156.8 -206.4
-167.2 -209.6
-186.4 -208.8
-433.2 -208.8
-439.6 -206.0
-448.8 -200.0
-454.0 -192.4
-456.8 -184.4
-457.2 -116.4
-460.0 -110.8
-465.6 -108.8
-536.4 -109.6
-544.4 -106.8
-552.0 -99.2
-556.4 -84.0
-556.8 -17.2
-561.2 -11.2
-564.4 -10.4
-639.6 -10.4
-648.4 -5.6
-656.0 2.8
-658.0 16.4
-657.6 146.8
-657.2 283.2
-651.2 294.8
-645.6 301.6
-638.8 304.0
-630.8 306.4
-565.2 308.0
-560.8 310.8
-557.2 316.4
-557.2 388.8
-552.4 396.0
-548.0 400.4
-542.8 403.6
-536.8 406.0
-526.8 406.8
-464.4 407.2
-460.4 410.0
-458.8 415.2
-456.0 486.4
-452.0 494.8
-445.6 501.2
-435.6 506.0
-236.8 506.4

0 18 1 0
1 14 2 0
3 14 0 10
3 8 2 14
1 10 2 2
3 15 0 5
3 4 2 12